 Enter the Desired Pressure in Atm [1.0] :  

 Random Number Generator Initialized with SEED :      149178447

 Molecular Dynamics Trajectory via Modified Beeman Algorithm

    MD Step      E Total   E Potential     E Kinetic       Temp       Pres

         1    -1346.8933    -1926.1873      579.2940     300.37   -1076.87
         2    -1347.3837    -1929.7610      582.3772     301.97     373.32
         3    -1346.7267    -1928.0538      581.3271     301.43    1770.81
         4    -1346.6437    -1918.3361      571.6924     296.43    2547.08
         5    -1347.4980    -1918.4236      570.9257     296.03    2153.07
         6    -1347.1001    -1921.6785      574.5785     297.93     811.74
         7    -1347.3777    -1924.1677      576.7900     299.07    -856.94
         8    -1347.8196    -1929.8966      582.0770     301.82   -2166.12
         9    -1347.3090    -1929.9548      582.6458     302.11   -2457.08
        10    -1347.2772    -1926.6583      579.3811     300.42   -1665.39
        11    -1347.7380    -1929.2971      581.5592     301.55    -226.84
        12    -1347.0057    -1923.6759      576.6702     299.01    1460.82
